0.86667
0.85119
0.92281
0.80215
0.86155
0.88
0.79118
0.86322
0.85407
0.87801
0.88293
0.7705
0.87259
0.85476
0.74851
0.76947
0.83995
0.81088
0.86716
0.78848
0.77606
0.72378
0.88494
0.80218
0.80862
0.7884
0.84169
0.80479
0.8775
0.83313
0.85879
0.90302
0.82949
0.88676
0.88457
0.88192
0.88861
0.87835
0.82911
0.81085
0.8258
0.69233
0.73717
0.82521
0.82554
0.90043
0.93
0.89654
0.89875
0.91234
0.92109
0.94141
0.89865
0.83239
0.84107
0.87486
0.89578
0.88177
0.89725
0.83875
0.91278
0.84115
0.76103
0.904
0.76388
0.76393
0.92308
0.8575
0.78431
0.78228
