0.85379
0.77078
0.84395
0.8681
0.92138
0.69852
0.85167
0.9118
0.83976
0.91068
0.91913
0.89887
0.898
0.83631
0.78965
0.8136
0.8544
0.84896
0.80409
0.81233
0.82728
0.77228
0.81376
0.77782
0.83312
0.86628
0.833
0.82924
0.88933
0.83437
0.80206
0.90703
0.88625
0.87266
0.90857
0.93606
0.85108
0.88239
0.8087
0.85866
0.83038
0.81508
0.82833
0.82329
0.78741
0.79885
0.82998
0.925
0.85067
0.83215
0.91272
0.81058
0.80364
0.85488
0.85118
0.82947
0.8806
0.88661
0.80955
0.70839
0.8775
0.93799
0.83224
0.79389
0.92177
0.77593
0.81148
0.93842
0.8677
0.88905
0.80006
