0.79732
0.75546
0.95093
0.97996
0.88933
0.96371
0.90229
0.95829
0.87593
0.80696
0.90737
0.86645
0.92164
0.92383
0.75786
0.80897
0.92333
0.84615
0.86329
0.83817
0.974
0.96938
0.96092
0.95455
0.95033
0.96436
0.88692
0.838
0.9348
0.90371
0.88564
0.90455
0.89061
0.80877
0.85049
0.90944
0.93302
0.96146
0.94799
0.85869
0.97793
0.90696
0.94834
0.88613
0.73576
0.66628
0.95561
0.92645
0.89438
0.91499
0.92385
0.95467
0.94742
0.96789
0.88444
0.96519
0.88825
0.94432
0.91648
0.95318
0.96555
0.97402
0.98963
0.95469
0.92346
0.88212
0.84545
0.95893
0.95782
0.94125
0.97867
0.9652
0.88634
0.95941
0.93951
0.8385
0.84411
0.82573
0.89293
0.9475
0.97686
0.95404
0.95681
0.85821
0.96475
0.97576
0.98891
0.98645
0.91644
0.95206
0.85894
0.89101
0.965
0.94835
0.92519
0.90364
0.93442
0.93623
0.88933
0.81523
0.88688
0.81454
0.89691
0.96605
0.93338
0.93003
0.84598
0.83793
