0.88687
0.88846
0.875
0.9
0.88321
0.85417
0.90481
0.86696
0.81557
0.89333
0.91833
0.79118
0.71188
0.87
0.84647
0.76205
0.80307
0.80907
0.86708
0.81667
0.80513
0.8
0.80808
0.91
0.79293
0.79167
0.70833
0.74993
0.8331
0.73321
0.83684
0.79657
0.77021
0.795
0.79
0.83526
0.785
0.84734
0.76521
0.80136
0.79274
0.73333
0.77357
0.78321
0.83023
0.68067
0.91373
0.94643
0.9381
0.86
0.96667
0.93333
0.93782
0.9
0.82659
0.82917
0.84565
0.86778
0.86397
0.84036
0.90688
0.91667
0.84289
0.82783
0.91346
0.8675
0.83333
0.90539
0.76631
0.79464
