0.635
0.69
0.92
0.7675
0.845
0.91
0.66
0.5
0.82
0.805
0.82
0.75
0.63
0.76
0.61
0.575
0.6975
0.715
0.68
0.75
0.64
0.64
0.6225
0.7
0.63
0.74
0.64
0.6425
0.83
0.87
0.555
0.835
0.7
0.645
0.97
0.825
0.675
0.74
0.7775
0.8075
0.98
1.0
0.79
0.59
0.78
0.8525
0.7175
0.5375
0.62
0.8275
0.51
0.65
0.4625
0.6375
0.9475
0.96
0.8475
0.9775
0.6925
0.7275
0.77
0.78
0.91
0.93
0.98
0.93
0.615
0.4675
0.5
0.95
0.9325
0.99
0.92
0.99
0.55
0.6225
0.83
0.79
0.495
0.5925
0.44
0.61
0.6125
0.64167
0.73
0.7775
0.905
0.94
0.82
0.8975
0.54
0.74
0.58
0.81
0.81
0.64
0.755
0.78
0.65
0.6075
0.6225
0.63
0.73
0.655
0.65
0.5825
0.54
