0.82
0.8225
0.9
0.93
0.9125
0.8975
0.3975
0.41667
0.92
0.8875
0.78
0.83
0.6775
0.88
0.77
0.6675
0.8
0.705
0.73
0.76
0.52
0.67
0.7425
0.77
0.68
0.63
0.71
0.635
0.76
0.87
0.6625
0.645
0.88
0.83
0.94
0.815
0.7425
0.72
0.82
0.78
1.0
0.99
0.84
0.71
0.85
0.8575
0.85
0.81667
0.74
0.96
0.46
0.805
0.345
0.6775
0.955
0.95
0.955
0.9675
0.7875
0.6425
0.69
0.72
0.98
0.97
0.86
0.91
0.6125
0.5075
0.8525
0.97
0.975
0.99
0.94
0.97
0.6575
0.6575
0.92
0.86
0.505
0.7175
0.5
0.66
0.55417
0.63333
0.86
0.825
0.8325
0.95
0.85
0.8725
0.56
0.8
0.67
0.81
0.74
0.67
0.7875
0.86
0.6
0.55
0.625
0.67
0.74
0.735
0.62
0.64
0.5175
