0.25759
0.1169
0.00738
0.0
0.00043
0.0
0.96171
0.55044
0.0
0.01887
0.02347
0.0
0.0435
0.00118
0.11455
0.13105
0.00078
0.00011
0.00738
0.00046
0.11865
0.05361
0.04487
0.02061
0.00213
0.03656
0.05833
0.00609
0.05203
0.08169
0.02882
0.00527
0.04805
0.03914
0.0
0.0
0.09453
0.12066
0.04074
0.02841
0.0
0.0
0.01922
0.16288
0.0
0.02828
0.0
0.00886
0.34927
0.0
0.15973
0.00046
0.97929
0.01116
1.0e-5
0.0
0.0
0.0
0.41388
0.34638
0.5779
0.0
0.0
0.0
0.0
0.0
0.09346
0.85709
0.00015
0.0
0.0
0.0
0.0
0.0
0.70072
0.14371
0.16288
0.02203
0.24529
0.03607
0.94247
0.16184
0.08315
0.92491
0.0
0.00574
0.00029
0.0
0.08536
0.0
0.08627
0.02396
0.15973
0.0
8.0e-5
0.01188
0.0
0.0
0.16288
0.07062
0.1071
0.00285
0.00113
0.0488
0.3449
0.39404
0.64026
