0.00526
7.0e-5
0.0
0.0
0.0
0.0
0.00081
0.02935
0.0
0.0
0.0
0.0
0.00379
0.0
0.0139
0.06959
1.0e-5
0.0
6.0e-5
0.0
0.00116
0.00156
0.00391
1.0e-5
0.00349
0.0
0.00222
0.00219
0.0
0.0
0.10447
0.0
0.0
0.00267
0.0
0.0
0.00023
0.0
0.0
0.0
0.0
0.0
0.0
0.04036
0.0
0.0
1.0e-5
0.11259
0.00832
0.0
0.4221
0.00119
0.74152
0.00315
0.0
0.0
0.0
0.0
2.0e-5
0.0
0.0
0.0
0.0
0.0
0.0
0.0
0.01578
0.71082
0.00797
0.0
0.0
0.0
0.0
0.0
0.11479
0.00546
0.0
0.0
0.53434
0.0315
0.85935
0.01155
0.0178
0.01655
0.0
0.0
0.0
0.0
0.0
0.0
0.21929
0.0
0.05911
0.0
0.0
0.00213
0.0
0.0
0.00071
0.01476
0.00454
0.00482
0.0
0.00062
0.00056
0.0412
0.19458
